232
111	57.14381973	4901.563034	-1233.377546	1
112	56.99162849	4902.782495	-833.4461548	1
113	58.22288709	4902.868756	-438.9254063	1
114	59.74214514	4903.368818	-53.31375083	1
115	61.6352603	4903.980726	334.6997408	1
116	62.1946118	4903.742542	732.9531011	1
117	62.69582587	4902.587916	1117.060902	1
118	60.92542494	4900.726219	1514.453139	1
119	60.86183148	4899.145933	1894.298043	1
121	951.6713053	4887.093102	-1224.426371	1
122	953.9252768	4888.37842	-821.9690891	1
123	953.169389	4888.760033	-429.9603035	1
124	953.9098549	4888.532633	-37.61649942	1
125	953.0332699	4887.784334	348.3945363	1
126	953.4477009	4887.311269	751.1609694	1
127	952.4753471	4886.59403	1131.792685	1
128	953.8867366	4885.698605	1513.269281	1
129	952.2603714	4884.274221	1894.894391	1
130	1948.431062	4876.866427	1908.034556	1
131	1949.755558	4878.736416	-1227.787892	1
132	1949.280688	4879.895985	-877.2831593	1
133	1949.63121	4880.127881	-510.296259	1
134	1951.95685	4880.213864	-118.8940176	1
135	1949.530513	4880.250107	178.9789411	1
136	1948.652819	4879.285495	485.7568401	1
137	1949.293175	4879.16502	788.9213161	1
138	1948.561843	4878.343563	1186.532741	1
139	1948.479015	4877.353634	1579.332968	1
140	2847.088327	4872.063503	1904.0055	1
141	2850.203409	4874.624209	-1232.571785	1
142	2849.713769	4874.912203	-881.9680963	1
143	2849.886849	4874.424475	-506.0933229	1
144	2847.919749	4872.851731	-118.8450558	1
145	2849.181277	4872.778495	178.2629696	1
146	2848.450332	4872.699372	484.0806587	1
147	2847.290556	4872.612923	779.1548104	1
148	2848.175002	4872.011523	1172.880829	1
149	2847.897496	4871.889195	1522.020373	1
150	3648.659605	4866.611765	1900.483392	1
151	3650.174393	4870.968944	-1223.286112	1
152	3649.678806	4869.495846	-879.1211161	1
153	3650.172069	4868.722544	-503.1550585	1
154	3647.82039	4866.760637	-117.3167809	1
155	3646.606493	4867.112447	180.5908686	1
156	3647.281785	4866.816354	481.5555808	1
157	3647.59882	4866.607598	780.2115846	1
158	3645.077038	4866.663971	1174.517592	1
159	3646.470649	4865.48577	1522.970563	1
161	4589.683838	4869.164731	-1234.063608	1
162	4588.616469	4867.105687	-872.205913	1
163	4588.281277	4865.894622	-464.8247141	1
164	4588.262815	4865.208692	-75.77949484	1
165	4587.276634	4865.056009	309.8650834	1
166	4588.058902	4864.65226	721.5283423	1
167	4587.474789	4864.521933	1110.373672	1
168	4588.464249	4863.926829	1527.084931	1
169	4589.015079	4864.933614	1900.353069	1
171	5441.941506	4864.846223	-1237.345422	1
172	5439.279049	4867.63049	-870.3576701	1
173	5438.023347	4866.300232	-461.8156304	1
174	5437.527247	4866.383254	-72.16980483	1
175	5436.716232	4865.688281	314.7945878	1
176	5436.262038	4865.801568	729.2754052	1
177	5435.209349	4865.808649	1116.401689	1
178	5434.860867	4864.668449	1531.914027	1
179	5435.726595	4864.560541	1902.225674	1
210	1137.287341	5334.841457	-1232.762442  1
211	1137.013536	5334.096064	-835.3886819  1
212	1136.989694	5332.931727	-436.818674   1
213	1137.063321	5332.497420	-60.5695817   1
214	1137.994863	5332.049638	330.8203922   1
215	1136.660996	5331.060485	732.5124856   1
216	1137.299047	5330.758135	1110.43782    1
217	1141.345353	5331.594704	1486.525958   1
218	1141.180136	5331.271186	1891.904704   1
220	2532.01243	5262.859543	-1242.269071	1
221	2533.373158	5262.151384	-855.5653734	1
222	2533.652793	5260.940773	-447.7578897	1
223	2534.526042	5260.013963	-42.57834796	1
224	2534.100004	5259.051546	372.8190717	1
225	2535.960339	5258.64798	785.9925065	1
226	2534.96745	5258.120143	1175.263916	1
227	2534.830111	5257.688657	1585.559273	1
228	2532.22534	5257.409517	1901.824028	1
310	161.5572578	5960.747097	-1252.410488	1
311	160.3968841	5960.72116	-871.8044799	1
312	159.4573297	5960.5169	-475.4712061	1
313	159.4137878	5960.132324	-94.37285057	1
314	160.8422274	5959.649056	316.9985421	1
315	160.8022721	5958.650628	692.7677316	1
316	159.8000229	5957.822011	1079.515958	1
317	160.7451835	5956.695803	1510.400656	1
318	158.5564623	5953.67335	1898.363459	1
320	959.6077175	5954.740024	-1254.865974	1
321	959.1272409	5953.384712	-871.5554787	1
322	959.5043894	5952.95962	-480.3119039	1
323	959.8625757	5952.977335	-104.9076975	1
324	960.1135514	5952.238553	315.8567329	1
325	960.2633827	5951.616539	690.7552909	1
326	959.6626281	5951.03965	1081.401089	1
327	959.10705	5950.338361	1509.350459	1
328	957.3045675	5949.822855	1903.871058	1
330	1848.758936	5950.766693	-1224.568616	1
331	1850.010993	5949.782351	-877.8031048	1
332	1849.306477	5947.933568	-513.8258471	1
333	1848.249141	5946.948032	-137.9846205	1
334	1849.914284	5946.395362	164.5356123	1
335	1849.826363	5945.066107	480.2749395	1
336	1849.138325	5945.059489	772.0058759	1
337	1850.318872	5944.39363	1110.437982	1
338	1849.726938	5944.528151	1527.804246	1
339	1850.186946	5945.52387	1909.581987	1
340	2696.479974	5944.337192	-1220.619977	1
341	2697.213505	5944.594417	-870.3719567	1
342	2696.981445	5943.405215	-492.2128544	1
343	2695.671433	5942.106809	-108.2588022	1
344	2697.077085	5941.307921	197.6376509	1
345	2695.830325	5941.503816	483.9077272	1
346	2695.272868	5941.630208	776.4735143	1
347	2697.377168	5941.257248	1165.57764	1
348	2695.934896	5941.010884	1543.48982	1
349	2697.248837	5940.496383	1911.279708	1
350	3693.909629	5936.806697	-1205.943493	1
351	3694.94	5937.47757	-871.3220429	1
352	3695.367027	5936.806641	-493.4249637	1
353	3694.59478	5937.349541	-114.0457244	1
354	3694.037746	5936.159237	193.0187927	1
355	3693.624652	5935.726356	487.4906075	1
356	3693.397093	5936.175435	792.2148898	1
357	3692.681949	5934.179347	1168.830829	1
358	3691.018668	5934.934381	1553.865144	1
359	3690.327629	5934.137572	1901.845382	1
360	4537.085767	5934.213543	-1250.496299	1
361	4536.853688	5933.754983	-872.4576513	1
362	4537.227175	5930.846044	-482.0884341	1
363	4536.580899	5931.762	-86.93995095	1
364	4538.286383	5929.591216	302.588836	1
365	4536.391228	5930.358023	708.8916069	1
366	4537.443371	5928.486784	1113.807362	1
367	4536.067893	5929.854907	1499.583894	1
368	4532.988594	5931.598785	1909.886435	1
370	5340.674835	5928.909074	-1210.699509	1
371	5339.888929	5928.78798	-880.9255715	1
372	5339.925163	5927.900561	-491.5800862	1
373	5338.415604	5927.524905	-112.4798185	1
374	5340.19649	5926.289078	303.6252508	1
375	5339.056128	5927.074518	701.9771079	1
376	5338.46578	5925.48034	1103.569599	1
377	5338.169262	5924.793087	1498.074047	1
378	5336.413391	5925.665695	1906.457939	1
400	-311.0121844	7012.340844	-1458.032783	1
401	-332.725385	7029.069908	-831.9383864	1
402	-341.1151033	7029.687987	-232.3019424	1
403	-348.0622684	7031.485757	369.8083217	1
404	-361.5061894	7030.467757	968.9224576	1
405	-337.7599118	7027.82658	1572.52994	1
406	-330.513845	6956.748435	1972.332788	1
410	281.3970176	7015.644288	-1457.836356	1
411	250.1091103	7028.836062	-831.7392255	1
412	252.1328733	7028.80054	-231.410664	1
413	238.9935066	7030.091843	365.1519373	1
414	239.957816	7029.052621	970.5489821	1
415	255.5567973	7026.545572	1571.440405	1
416	234.7376498	6958.703086	1955.725776	1
420	852.0495689	7015.828833	-1455.587287	1
421	832.2892367	7027.317755	-829.9192902	1
422	829.3736828	7027.391748	-231.2884582	1
423	818.4154188	7028.109141	367.2500278	1
424	814.5794037	7027.742046	970.0677535	1
425	828.3960258	7025.897001	1571.711226	1
426	828.0805086	6961.036427	1972.553599	1
430	1406.438299	7016.420183	-1456.413594 1
431	1406.899017	7025.823944	-838.7762877 1
432	1410.745506	7026.196420	-234.7814926 1
433	1418.025016	7025.709662	369.062011   1
434	1416.563195	7025.483102	972.0264777  1
435	1423.897952	7024.571702	1571.880138  1
436	1422.188188	6960.346642	1972.717944  1
440	2051.21645	7013.169902	-1451.219318	1
441	2092.760259	7024.305267	-829.7970705	1
442	2051.479584	7024.527832	-230.4654139	1
443	2075.899252	7024.813093	369.34321	1
444	2065.481117	7025.159654	970.7517484	1
445	2054.330493	7023.974894	1572.311947	1
446	2027.026169	6958.450647	1947.390233	1
450	2657.022767	7012.539118	-1454.982786	1
451	2671.360051	7023.414525	-830.1530317	1
452	2666.825935	7023.449966	-228.5467267	1
453	2679.912758	7023.127665	370.3792192	1
454	2684.395171	7023.238855	969.8679091	1
455	2687.330536	7023.255095	1570.59053	1
456	2653.464114	6957.323516	1965.083869	1
460	3257.815031	7011.619263	-1454.626714	1
461	3273.703076	7022.360087	-831.6168521	1
462	3267.241739	7022.479459	-228.1115123	1
463	3276.746514	7022.539759	370.3219453	1
464	3275.16163	7022.643637	972.2171141	1
465	3276.800966	7021.914596	1570.321466	1
466	3256.188516	6957.606572	1944.817253	1
470	3919.327063	7010.013862	-1454.795708	1
471	3895.989211	7021.056131	-832.0037165	1
472	3897.061391	7021.191018	-230.7552874	1
473	3876.661846	7021.073583	369.7687437	1
474	3869.621269	7021.381192	970.3533839	1
475	3861.745208	7020.272605	1569.014043	1
476	3850.57809	6956.236647	1974.175695	1
480	4492.874137	7009.498907	-1454.495969	1
481	4476.217903	7020.292675	-831.8357429	1
482	4467.961697	7019.800167	-229.9262605	1
483	4458.398198	7019.633733	370.6702971	1
484	4476.76861	7019.317016	969.0388102	1
485	4484.863892	7017.851704	1571.690303	1
486	4472.270712	6954.245469	1962.607273	1
490	5096.139875	7009.614603	-1452.211653	1
491	5098.538453	7019.565924	-832.6022176	1
492	5082.635504	7018.019369	-230.3074934	1
493	5077.066573	7018.015552	368.4367666	1
494	5046.667063	7018.699805	970.496498	1
495	5034.87327	7016.339879	1571.442182	1
496	5034.607718	6951.586335	1975.763615	1
500	5674.882669	7007.600543	-1450.620778 1
501	5675.392017	7017.354780	-832.3344388 1
502	5678.638595	7014.449400	-233.0143442 1
503	5676.399941	7014.781635	368.9218916  1
504	5677.923367	7015.986028	967.9658275  1
505	5684.688938	7015.059868	1567.328445  1
506	5685.547403	6948.567937	1963.643783	1
510	6107.836029	7007.915701	-1453.373978	1
511	6115.372784	7017.4869	-832.6056827	1
512	6106.327635	7015.08242	-231.816244	1
514	6104.098023	7016.188034	966.7015494	1
515	6102.293578	7015.236842	1566.114569	1

